
 >>> 03-06 22:40:56

 {
	{ 0.160033, -0.865918, -0.102050, 0.021268, 0.312117, 0.417695, 0.149280, 0.428888, -0.135167, -0.591191, -0.808110, -0.103913, -0.847156, -0.357709, -0.937650, -0.753472, -0.386776, -0.244215, -0.888363, 0.180603, -0.403741, -0.382902, 0.355400, 0.924383, -0.184088, -0.495749, -0.800808, -0.139781, 0.082370, -0.547841, -0.840528, -0.757597, -0.413759, 0.057422, 0.263671, 0.898358, -0.524883, -0.587049, 0.327246, 0.339951, -0.178240, 0.519136, -0.763963, -0.025396, -0.838573, -0.701613, 0.221132, -0.225349, 0.054172, 0.332769, 0.955254, 0.650431, 0.949867, 0.310653, 0.574814, -0.234222, 0.814904, 0.774006, 0.625997, -0.102726, -0.773835, 0.785469, 0.139677, -0.187594, -0.157109, -0.596652, -0.289236, 0.318009, -0.183702, -0.961990, -0.342040, 0.638058, 0.557146, -0.106003, -0.387338, 0.718573, 0.192384, 0.833793, -0.506776, -0.753444, 0.166562, -0.551523, 0.896988, 0.116429, 0.759131, 0.471802, 0.882207, 0.574035, 0.245809, 0.508204, -0.528692, 0.471974, 0.293673, 0.610985, -0.715620, -0.863435, -0.985667, -0.004856, 0.454574, -0.169369 },
	{ 0.033154, -0.887466, -0.531311, -0.409700, 0.006531, 0.081351, -0.691127, -0.801085, -0.084856, -0.197904, -0.554528, -0.918293, 0.250574, -0.657540, 0.198136, 0.009704, 0.814262, 0.080343, -0.416261, 0.060070, -0.411453, 0.055047, -0.467956, 0.882220, -0.333967, -0.183576, -0.981215, -0.319635, 0.811567, 0.473359, 0.510997, -0.155279, 0.585893, 0.979686, 0.435021, -0.407576, 0.061037, 0.743894, -0.208661, 0.976181, -0.454009, 0.236811, -0.942112, 0.796564, 0.579271, 0.256024, -0.193731, 0.393532, -0.663634, 0.390008, -0.546397, -0.075087, -0.554945, -0.014353, -0.192867, 0.111087, 0.802070, -0.174082, 0.791453, 0.613638, -0.700723, 0.302450, -0.541641, 0.885169, 0.282136, 0.893380, -0.522407, -0.656827, 0.637274, 0.268932, -0.680646, -0.816735, -0.494257, -0.622758, 0.979829, -0.914987, 0.633266, -0.213902, 0.478546, 0.969632, -0.823894, 0.932148, -0.105455, -0.378839, -0.082205, 0.701677, 0.732248, -0.280135, -0.472405, 0.523701, -0.666497, -0.173128, -0.173849, -0.208138, -0.287959, -0.891713, -0.314758, 0.189634, -0.548541, -0.677483 },
	{ -0.541434, -0.229187, -0.494218, -0.035691, 0.148055, -0.514389, 0.049322, -0.218679, 0.271709, -0.472133, -0.249047, 0.447815, -0.539984, 0.645497, -0.931024, 0.377811, 0.347175, 0.801224, -0.902324, 0.874770, 0.324926, -0.568821, -0.298358, -0.848924, 0.223041, 0.413683, -0.740637, 0.908283, -0.396684, -0.289178, -0.769200, 0.061882, 0.481636, -0.263418, -0.973809, -0.370309, 0.222194, 0.075513, 0.411012, -0.506097, 0.603380, -0.838035, 0.941718, -0.936604, 0.807462, -0.989306, 0.441207, 0.154637, 0.811919, 0.538883, 0.029406, 0.136844, 0.970062, 0.731048, 0.287921, 0.193103, 0.144731, 0.547284, 0.101386, 0.748047, -0.741894, 0.332186, -0.190071, 0.739742, -0.931231, -0.163880, -0.630568, 0.290962, 0.911633, 0.780444, 0.784865, 0.515013, 0.942409, 0.726584, 0.578409, 0.749871, 0.737278, 0.019615, -0.095493, 0.549197, -0.441502, 0.933914, -0.313959, -0.471441, 0.664962, 0.973962, 0.721662, -0.190308, 0.521246, -0.176952, -0.442261, 0.779352, -0.844765, 0.367668, 0.519094, -0.775997, -0.796212, 0.888526, 0.514965, -0.884579 },
	{ 0.668971, 0.299831, 0.630434, 0.611380, 0.026414, 0.208842, 0.361250, -0.236308, -0.771542, -0.734242, -0.687111, -0.213045, -0.800329, -0.001069, 0.315515, 0.864633, -0.027107, 0.037177, -0.325675, -0.505861, 0.860225, 0.232064, -0.726509, -0.984540, -0.400268, 0.792585, -0.760537, -0.196480, 0.681111, 0.754428, -0.081059, 0.350082, 0.054259, -0.450625, -0.038539, -0.919327, 0.758217, -0.677288, -0.155634, 0.986675, -0.411530, 0.157255, -0.226370, -0.211859, -0.843815, -0.910855, -0.347226, 0.129078, 0.126322, 0.327099, 0.623217, -0.013453, -0.440837, 0.896708, 0.002007, 0.158895, 0.689293, 0.241470, 0.962415, 0.370404, -0.004102, -0.118643, -0.279514, -0.949843, 0.430732, 0.681947, -0.869170, 0.188949, -0.995341, -0.024804, 0.175624, -0.406871, -0.867550, 0.949254, 0.381270, -0.711364, -0.961601, -0.965956, 0.417714, 0.164721, 0.361142, 0.040931, -0.848732, 0.920305, -0.062360, 0.153275, 0.079200, -0.373067, -0.605255, 0.041615, 0.997337, 0.390643, 0.922972, -0.282177, 0.440800, 0.353704, -0.600229, 0.571630, -0.457348, -0.595570 },
	{ -0.453175, 0.718276, -0.002441, -0.320724, 0.667530, -0.621171, -0.032088, 0.705928, -0.587128, -0.614374, -0.129351, 0.774015, 0.426557, 0.021917, 0.694320, -0.635803, -0.824808, -0.226480, -0.008870, -0.430063, 0.815135, -0.011533, 0.960580, 0.738107, 0.706290, 0.401380, 0.091811, -0.893939, -0.026990, 0.634463, -0.489509, 0.519835, 0.352739, 0.508050, -0.800889, 0.020269, 0.886879, 0.167023, -0.273803, -0.700249, 0.552649, 0.596846, -0.926234, -0.020794, -0.381236, 0.768085, 0.343403, -0.206044, -0.458395, -0.665467, 0.363893, -0.643260, 0.323001, 0.324474, -0.905153, 0.029291, -0.274146, 0.186658, 0.135352, 0.698863, -0.178879, 0.645844, 0.218699, -0.826139, 0.153894, 0.417810, 0.194129, 0.040772, -0.415167, 0.920326, 0.340523, -0.862519, 0.517173, 0.414289, 0.116687, -0.864064, 0.182374, -0.539909, -0.070108, 0.723980, -0.205376, -0.706214, -0.919280, -0.882375, 0.618259, -0.824432, 0.146916, -0.655887, 0.362226, -0.717732, -0.957024, -0.816653, 0.928111, 0.261675, -0.642792, 0.082005, -0.320515, 0.551337, -0.877223, 0.264317 } 
 }

 >>> 03-06 22:45:14

 {
	{ 0.160033, -0.865918, -0.102050, 0.021268, 0.312117, 0.417695, 0.149280, 0.428888, -0.135167, -0.591191, -0.808110, -0.103913, -0.847156, -0.357709, -0.937650, -0.753472, -0.386776, -0.244215, -0.888363, 0.180603, -0.403741, -0.382902, 0.355400, 0.924383, -0.184088, -0.495749, -0.800808, -0.139781, 0.082370, -0.547841, -0.840528, -0.757597, -0.413759, 0.057422, 0.263671, 0.898358, -0.524883, -0.587049, 0.327246, 0.339951, -0.178240, 0.519136, -0.763963, -0.025396, -0.838573, -0.701613, 0.221132, -0.225349, 0.054172, 0.332769, 0.955254, 0.650431, 0.949867, 0.310653, 0.574814, -0.234222, 0.814904, 0.774006, 0.625997, -0.102726, -0.773835, 0.785469, 0.139677, -0.187594, -0.157109, -0.596652, -0.289236, 0.318009, -0.183702, -0.961990, -0.342040, 0.638058, 0.557146, -0.106003, -0.387338, 0.718573, 0.192384, 0.833793, -0.506776, -0.753444, 0.166562, -0.551523, 0.896988, 0.116429, 0.759131, 0.471802, 0.882207, 0.574035, 0.245809, 0.508204, -0.528692, 0.471974, 0.293673, 0.610985, -0.715620, -0.863435, -0.985667, -0.004856, 0.454574, -0.169369 },
	{ 0.033154, -0.887466, -0.531311, -0.409700, 0.006531, 0.081351, -0.691127, -0.801085, -0.084856, -0.197904, -0.554528, -0.918293, 0.250574, -0.657540, 0.198136, 0.009704, 0.814262, 0.080343, -0.416261, 0.060070, -0.411453, 0.055047, -0.467956, 0.882220, -0.333967, -0.183576, -0.981215, -0.319635, 0.811567, 0.473359, 0.510997, -0.155279, 0.585893, 0.979686, 0.435021, -0.407576, 0.061037, 0.743894, -0.208661, 0.976181, -0.454009, 0.236811, -0.942112, 0.796564, 0.579271, 0.256024, -0.193731, 0.393532, -0.663634, 0.390008, -0.546397, -0.075087, -0.554945, -0.014353, -0.192867, 0.111087, 0.802070, -0.174082, 0.791453, 0.613638, -0.700723, 0.302450, -0.541641, 0.885169, 0.282136, 0.893380, -0.522407, -0.656827, 0.637274, 0.268932, -0.680646, -0.816735, -0.494257, -0.622758, 0.979829, -0.914987, 0.633266, -0.213902, 0.478546, 0.969632, -0.823894, 0.932148, -0.105455, -0.378839, -0.082205, 0.701677, 0.732248, -0.280135, -0.472405, 0.523701, -0.666497, -0.173128, -0.173849, -0.208138, -0.287959, -0.891713, -0.314758, 0.189634, -0.548541, -0.677483 },
	{ -0.541434, -0.229187, -0.494218, -0.035691, 0.148055, -0.514389, 0.049322, -0.218679, 0.271709, -0.472133, -0.249047, 0.447815, -0.539984, 0.645497, -0.931024, 0.377811, 0.347175, 0.801224, -0.902324, 0.874770, 0.324926, -0.568821, -0.298358, -0.848924, 0.223041, 0.413683, -0.740637, 0.908283, -0.396684, -0.289178, -0.769200, 0.061882, 0.481636, -0.263418, -0.973809, -0.370309, 0.222194, 0.075513, 0.411012, -0.506097, 0.603380, -0.838035, 0.941718, -0.936604, 0.807462, -0.989306, 0.441207, 0.154637, 0.811919, 0.538883, 0.029406, 0.136844, 0.970062, 0.731048, 0.287921, 0.193103, 0.144731, 0.547284, 0.101386, 0.748047, -0.741894, 0.332186, -0.190071, 0.739742, -0.931231, -0.163880, -0.630568, 0.290962, 0.911633, 0.780444, 0.784865, 0.515013, 0.942409, 0.726584, 0.578409, 0.749871, 0.737278, 0.019615, -0.095493, 0.549197, -0.441502, 0.933914, -0.313959, -0.471441, 0.664962, 0.973962, 0.721662, -0.190308, 0.521246, -0.176952, -0.442261, 0.779352, -0.844765, 0.367668, 0.519094, -0.775997, -0.796212, 0.888526, 0.514965, -0.884579 },
	{ 0.668971, 0.299831, 0.630434, 0.611380, 0.026414, 0.208842, 0.361250, -0.236308, -0.771542, -0.734242, -0.687111, -0.213045, -0.800329, -0.001069, 0.315515, 0.864633, -0.027107, 0.037177, -0.325675, -0.505861, 0.860225, 0.232064, -0.726509, -0.984540, -0.400268, 0.792585, -0.760537, -0.196480, 0.681111, 0.754428, -0.081059, 0.350082, 0.054259, -0.450625, -0.038539, -0.919327, 0.758217, -0.677288, -0.155634, 0.986675, -0.411530, 0.157255, -0.226370, -0.211859, -0.843815, -0.910855, -0.347226, 0.129078, 0.126322, 0.327099, 0.623217, -0.013453, -0.440837, 0.896708, 0.002007, 0.158895, 0.689293, 0.241470, 0.962415, 0.370404, -0.004102, -0.118643, -0.279514, -0.949843, 0.430732, 0.681947, -0.869170, 0.188949, -0.995341, -0.024804, 0.175624, -0.406871, -0.867550, 0.949254, 0.381270, -0.711364, -0.961601, -0.965956, 0.417714, 0.164721, 0.361142, 0.040931, -0.848732, 0.920305, -0.062360, 0.153275, 0.079200, -0.373067, -0.605255, 0.041615, 0.997337, 0.390643, 0.922972, -0.282177, 0.440800, 0.353704, -0.600229, 0.571630, -0.457348, -0.595570 },
	{ -0.453175, 0.718276, -0.002441, -0.320724, 0.667530, -0.621171, -0.032088, 0.705928, -0.587128, -0.614374, -0.129351, 0.774015, 0.426557, 0.021917, 0.694320, -0.635803, -0.824808, -0.226480, -0.008870, -0.430063, 0.815135, -0.011533, 0.960580, 0.738107, 0.706290, 0.401380, 0.091811, -0.893939, -0.026990, 0.634463, -0.489509, 0.519835, 0.352739, 0.508050, -0.800889, 0.020269, 0.886879, 0.167023, -0.273803, -0.700249, 0.552649, 0.596846, -0.926234, -0.020794, -0.381236, 0.768085, 0.343403, -0.206044, -0.458395, -0.665467, 0.363893, -0.643260, 0.323001, 0.324474, -0.905153, 0.029291, -0.274146, 0.186658, 0.135352, 0.698863, -0.178879, 0.645844, 0.218699, -0.826139, 0.153894, 0.417810, 0.194129, 0.040772, -0.415167, 0.920326, 0.340523, -0.862519, 0.517173, 0.414289, 0.116687, -0.864064, 0.182374, -0.539909, -0.070108, 0.723980, -0.205376, -0.706214, -0.919280, -0.882375, 0.618259, -0.824432, 0.146916, -0.655887, 0.362226, -0.717732, -0.957024, -0.816653, 0.928111, 0.261675, -0.642792, 0.082005, -0.320515, 0.551337, -0.877223, 0.264317 } 
 }
