
 >>> 03-06 22:40:56

 {
	{ 0.000000, 0.000000, 0.000000, 0.000000, 0.000000, 0.000000, 0.000000, 0.000000, 0.000000, 0.000000, 0.000000, 0.000000, 1.000000, 1.000000, 1.000000, 1.000000, 1.000000, 1.000000, 0.000000, 0.000000, 0.000000, 1.000000, 0.000000, 0.000000, 0.000000, 0.000000, 0.000000, 0.000000, 0.000000, 0.000000, 0.000000, 1.000000, 0.000000, 0.000000, 0.000000, 0.000000, 0.000000, 0.000000, 0.000000, 0.000000, 0.000000, 1.000000, 1.000000, 1.000000, 1.000000, 1.000000, 1.000000, 0.000000, 0.000000, 0.000000, 0.000000, 0.000000, 0.000000, 0.000000, 0.000000, 0.000000, 0.000000, 1.000000, 0.000000, 0.000000, 0.000000, 0.000000, 0.000000, 0.000000, 0.000000, 0.000000, 0.000000, 1.000000, 0.000000, 0.000000, 0.000000, 0.000000, 0.000000, 0.000000, 0.000000, 0.000000, 0.000000, 1.000000, 0.000000, 0.000000, 0.000000, 0.000000, 0.000000, 0.000000, 0.000000, 0.000000, 0.000000, 1.000000, 0.000000, 0.000000, 0.000000, 1.000000, 1.000000, 1.000000, 1.000000, 1.000000, 1.000000, 0.000000, 0.000000, 0.000000 },
	{ 0.997742, 0.022906, 0.924400, 0.004675, 0.244630, 0.996484, 0.826396, 0.751849, 0.014124, 0.645494, 0.480290, 0.710396, 0.014191, 0.516767, 0.961057, 0.195034, 0.993096, 0.894775, 0.239983, 0.012404, 0.972887, 0.026670, 0.894735, 0.493228, 0.401672, 0.556325, 0.049729, 0.270454, 0.008811, 0.987328, 0.181425, 0.656437, 0.032748, 0.268575, 0.908213, 0.079842, 0.710525, 0.098110, 0.521488, 0.348331, 0.614348, 0.263007, 0.611717, 0.988847, 0.850751, 0.503375, 0.973814, 0.105024, 0.092696, 0.935586, 0.106366, 0.979424, 0.811910, 0.973437, 0.995983, 0.638379, 0.001087, 0.175639, 0.254773, 0.022266, 0.051524, 0.927906, 0.060740, 0.070317, 0.058521, 0.011530, 0.017606, 0.237367, 0.800695, 0.139969, 0.115445, 0.479540, 0.944674, 0.015130, 0.044257, 0.085308, 0.039798, 0.939556, 0.546443, 0.508250, 0.990119, 0.323912, 0.902306, 0.973814, 0.991291, 0.141879, 0.039672, 0.185393, 0.215437, 0.007185, 0.933530, 0.439385, 0.988791, 0.343554, 0.887820, 0.119623, 0.164292, 0.722950, 0.923442, 0.965681 },
	{ 0.041073, 0.655801, 0.450240, 0.766560, 0.913659, 0.850523, 0.492707, 0.445784, 0.098308, 0.957717, 0.008162, 0.483037, 0.043219, 0.705939, 0.451195, 0.153551, 0.010786, 0.579323, 0.419646, 0.579899, 0.028969, 0.601189, 0.003112, 0.117336, 0.405028, 0.091414, 0.215269, 0.728164, 0.934190, 0.798467, 0.539006, 0.000506, 0.999372, 0.957839, 0.711436, 0.999974, 0.941163, 0.859178, 0.614949, 0.994235, 0.990412, 0.579728, 0.178218, 0.741719, 0.980497, 0.932186, 0.991236, 0.378265, 0.634948, 0.361655, 0.008526, 0.008243, 0.007844, 0.038535, 0.766003, 0.909128, 0.177849, 0.990925, 0.141314, 0.007328, 0.981667, 0.000278, 0.769059, 0.286517, 0.742805, 0.415104, 0.001472, 0.333452, 0.983775, 0.851598, 0.932371, 0.484088, 0.094730, 0.992623, 0.170011, 0.028229, 0.953685, 0.088896, 0.047936, 0.113636, 0.225023, 0.969531, 0.141285, 0.372233, 0.544944, 0.976218, 0.453916, 0.237741, 0.011562, 0.996670, 0.003322, 0.672019, 0.037654, 0.886438, 0.975151, 0.057295, 0.118489, 0.066618, 0.030058, 0.793443 },
	{ 0.083278, 0.087385, 0.867820, 0.114338, 0.000011, 0.022466, 0.951265, 0.650893, 0.853225, 0.511390, 0.008617, 0.301562, 0.874344, 0.319117, 0.320885, 0.999699, 0.969901, 0.999815, 0.653644, 0.990991, 0.085273, 0.092445, 0.008004, 0.273101, 0.999879, 0.666603, 0.988312, 0.974106, 0.176987, 0.061196, 0.988991, 0.412715, 0.999741, 0.775595, 0.986084, 0.992909, 0.003310, 0.998313, 0.996789, 0.072093, 0.918841, 0.072179, 0.940709, 0.553060, 0.010238, 0.997668, 0.747489, 0.011485, 0.001736, 0.220953, 0.563180, 0.458250, 0.001054, 0.966099, 0.998064, 0.700370, 0.149277, 0.919832, 0.865011, 0.906683, 0.096929, 0.001181, 0.019129, 0.944163, 0.030986, 0.001805, 0.952073, 0.014547, 0.007541, 0.299746, 0.001444, 0.671503, 0.833647, 0.994823, 0.987500, 0.995430, 0.099502, 0.772340, 0.786244, 0.222614, 0.500550, 0.998218, 0.804943, 0.046313, 0.997968, 0.924544, 0.999833, 0.920900, 0.992415, 0.742285, 0.047399, 0.103745, 0.865329, 0.070791, 0.161516, 0.940023, 0.006849, 0.206361, 0.287719, 0.770026 },
	{ 0.991590, 0.880144, 0.999762, 0.536328, 0.001650, 0.136224, 0.863721, 0.398314, 0.051321, 0.507975, 0.384405, 0.103102, 0.000003, 0.099646, 0.998984, 0.158686, 0.018754, 0.073326, 0.975661, 0.999296, 0.000449, 0.906701, 0.994303, 0.000326, 0.008402, 0.000256, 0.292315, 0.189521, 0.999072, 0.792846, 0.972647, 0.986427, 0.000026, 0.193990, 0.998387, 0.999931, 0.542721, 0.014876, 0.133541, 0.769247, 0.487977, 0.001154, 0.019796, 0.769612, 0.008579, 0.850963, 0.411798, 0.166329, 0.015221, 0.016067, 0.458817, 0.000517, 0.325630, 0.971434, 0.856763, 0.131263, 0.929240, 0.490505, 0.000101, 0.951174, 0.028065, 0.983583, 0.994598, 0.255062, 0.991684, 0.964171, 0.930438, 0.000678, 0.284955, 0.961771, 0.092448, 0.774698, 0.987526, 0.772068, 0.978059, 0.000325, 0.024515, 0.637246, 0.818827, 0.107767, 0.985260, 0.026093, 0.770222, 0.767513, 0.837754, 0.230131, 0.040496, 0.125837, 0.101860, 0.208246, 0.871606, 0.353935, 0.999910, 0.914834, 0.884235, 0.991149, 0.827418, 0.332910, 0.948921, 0.185142 } 
 }

 >>> 03-06 22:45:14

 {
	{ 0.000000, 0.000000, 0.000000, 0.000000, 0.000000, 0.000000, 0.000000, 0.000000, 0.000000, 0.000000, 0.000000, 0.000000, 1.000000, 1.000000, 1.000000, 1.000000, 1.000000, 1.000000, 0.000000, 0.000000, 0.000000, 1.000000, 0.000000, 0.000000, 0.000000, 0.000000, 0.000000, 0.000000, 0.000000, 0.000000, 0.000000, 1.000000, 0.000000, 0.000000, 0.000000, 0.000000, 0.000000, 0.000000, 0.000000, 0.000000, 0.000000, 1.000000, 1.000000, 1.000000, 1.000000, 1.000000, 1.000000, 0.000000, 0.000000, 0.000000, 0.000000, 0.000000, 0.000000, 0.000000, 0.000000, 0.000000, 0.000000, 1.000000, 0.000000, 0.000000, 0.000000, 0.000000, 0.000000, 0.000000, 0.000000, 0.000000, 0.000000, 1.000000, 0.000000, 0.000000, 0.000000, 0.000000, 0.000000, 0.000000, 0.000000, 0.000000, 0.000000, 1.000000, 0.000000, 0.000000, 0.000000, 0.000000, 0.000000, 0.000000, 0.000000, 0.000000, 0.000000, 1.000000, 0.000000, 0.000000, 0.000000, 1.000000, 1.000000, 1.000000, 1.000000, 1.000000, 1.000000, 0.000000, 0.000000, 0.000000 },
	{ 0.997742, 0.022906, 0.924400, 0.004675, 0.244630, 0.996484, 0.826396, 0.751849, 0.014124, 0.645494, 0.480290, 0.710396, 0.014191, 0.516768, 0.961057, 0.195034, 0.993097, 0.894775, 0.239983, 0.012404, 0.972887, 0.026670, 0.894735, 0.493228, 0.401672, 0.556324, 0.049729, 0.270454, 0.008811, 0.987328, 0.181425, 0.656436, 0.032748, 0.268575, 0.908213, 0.079842, 0.710525, 0.098110, 0.521488, 0.348331, 0.614348, 0.263006, 0.611717, 0.988847, 0.850750, 0.503376, 0.973814, 0.105025, 0.092696, 0.935586, 0.106367, 0.979424, 0.811910, 0.973437, 0.995983, 0.638379, 0.001087, 0.175639, 0.254773, 0.022266, 0.051524, 0.927906, 0.060740, 0.070317, 0.058521, 0.011530, 0.017606, 0.237367, 0.800695, 0.139969, 0.115445, 0.479539, 0.944675, 0.015130, 0.044257, 0.085308, 0.039798, 0.939556, 0.546444, 0.508250, 0.990119, 0.323912, 0.902305, 0.973814, 0.991291, 0.141879, 0.039672, 0.185393, 0.215436, 0.007185, 0.933530, 0.439385, 0.988791, 0.343554, 0.887819, 0.119623, 0.164292, 0.722950, 0.923442, 0.965681 },
	{ 0.041073, 0.655801, 0.450241, 0.766560, 0.913659, 0.850523, 0.492707, 0.445784, 0.098309, 0.957717, 0.008162, 0.483037, 0.043219, 0.705938, 0.451195, 0.153552, 0.010786, 0.579324, 0.419646, 0.579898, 0.028969, 0.601189, 0.003112, 0.117336, 0.405028, 0.091414, 0.215269, 0.728164, 0.934190, 0.798467, 0.539004, 0.000506, 0.999372, 0.957839, 0.711435, 0.999974, 0.941163, 0.859177, 0.614949, 0.994235, 0.990412, 0.579728, 0.178218, 0.741719, 0.980497, 0.932186, 0.991236, 0.378264, 0.634947, 0.361654, 0.008526, 0.008243, 0.007844, 0.038535, 0.766004, 0.909128, 0.177849, 0.990925, 0.141314, 0.007328, 0.981667, 0.000278, 0.769059, 0.286517, 0.742805, 0.415105, 0.001472, 0.333453, 0.983775, 0.851598, 0.932371, 0.484089, 0.094730, 0.992623, 0.170011, 0.028228, 0.953685, 0.088896, 0.047936, 0.113636, 0.225024, 0.969531, 0.141285, 0.372233, 0.544944, 0.976217, 0.453917, 0.237741, 0.011562, 0.996670, 0.003322, 0.672018, 0.037654, 0.886438, 0.975151, 0.057295, 0.118489, 0.066618, 0.030058, 0.793444 },
	{ 0.083278, 0.087385, 0.867820, 0.114339, 0.000011, 0.022466, 0.951265, 0.650893, 0.853225, 0.511392, 0.008617, 0.301562, 0.874344, 0.319118, 0.320885, 0.999699, 0.969901, 0.999815, 0.653644, 0.990991, 0.085273, 0.092445, 0.008004, 0.273101, 0.999879, 0.666602, 0.988312, 0.974106, 0.176988, 0.061196, 0.988991, 0.412715, 0.999741, 0.775595, 0.986084, 0.992909, 0.003310, 0.998313, 0.996789, 0.072093, 0.918841, 0.072179, 0.940709, 0.553060, 0.010238, 0.997668, 0.747490, 0.011485, 0.001736, 0.220953, 0.563181, 0.458251, 0.001054, 0.966099, 0.998064, 0.700370, 0.149277, 0.919832, 0.865011, 0.906683, 0.096929, 0.001181, 0.019129, 0.944163, 0.030985, 0.001805, 0.952074, 0.014547, 0.007541, 0.299747, 0.001444, 0.671503, 0.833648, 0.994823, 0.987500, 0.995430, 0.099502, 0.772340, 0.786244, 0.222615, 0.500548, 0.998218, 0.804943, 0.046313, 0.997968, 0.924544, 0.999833, 0.920900, 0.992415, 0.742285, 0.047399, 0.103745, 0.865329, 0.070791, 0.161516, 0.940023, 0.006849, 0.206361, 0.287720, 0.770026 },
	{ 0.991590, 0.880144, 0.999762, 0.536329, 0.001650, 0.136224, 0.863721, 0.398314, 0.051320, 0.507976, 0.384406, 0.103102, 0.000003, 0.099646, 0.998984, 0.158687, 0.018754, 0.073326, 0.975661, 0.999296, 0.000449, 0.906701, 0.994303, 0.000326, 0.008402, 0.000256, 0.292314, 0.189521, 0.999072, 0.792845, 0.972647, 0.986427, 0.000026, 0.193990, 0.998387, 0.999931, 0.542720, 0.014876, 0.133541, 0.769247, 0.487977, 0.001154, 0.019796, 0.769611, 0.008579, 0.850963, 0.411797, 0.166329, 0.015221, 0.016067, 0.458818, 0.000517, 0.325630, 0.971434, 0.856763, 0.131263, 0.929240, 0.490505, 0.000101, 0.951174, 0.028065, 0.983584, 0.994598, 0.255062, 0.991684, 0.964171, 0.930438, 0.000678, 0.284956, 0.961771, 0.092448, 0.774697, 0.987526, 0.772069, 0.978059, 0.000325, 0.024515, 0.637247, 0.818827, 0.107766, 0.985260, 0.026093, 0.770222, 0.767512, 0.837754, 0.230130, 0.040495, 0.125836, 0.101860, 0.208246, 0.871606, 0.353935, 0.999910, 0.914834, 0.884235, 0.991149, 0.827418, 0.332909, 0.948921, 0.185141 } 
 }
